// -5 ~ 5 : 1000개 랜덤 입력 
-0.834 ,2.544 ,-3.528 ,-4.340 ,-3.880 ,-0.246 ,1.680 ,-4.454 ,-4.052 ,4.040 ,3.611 ,
-1.033 ,-1.642 ,3.364 ,-0.069 ,-2.576 ,0.049 ,-4.499 ,0.257 ,-2.703 ,0.251 ,
-1.669 ,-2.766 ,-3.976 ,-1.402 ,0.710 ,0.172 ,-2.788 ,-0.559 ,2.787 ,2.634 ,
-1.650 ,1.095 ,-4.032 ,0.055 ,-3.266 ,4.310 ,-4.333 ,3.248 ,3.441 ,-2.605 ,
-2.787 ,1.565 ,3.089 ,-2.372 ,4.069 ,2.801 ,4.150 ,-2.355 ,3.155 ,-1.473 ,
-1.660 ,4.295 ,4.937 ,-0.816 ,-4.619 ,2.302 ,3.353 ,-1.774 ,4.872 ,2.114 ,
4.003 ,-1.581 ,-3.175 ,-2.511 ,-3.219 ,1.887 ,-0.332 ,-0.582 ,-4.343 ,-2.362 ,
-1.676 ,-4.027 ,-1.903 ,-1.998 ,-3.087 ,-3.822 ,-3.306 ,-2.761 ,4.634 ,-0.353 ,
3.321 ,3.771 ,-3.378 ,-4.019 ,-0.535 ,2.056 ,-2.095 ,4.229 ,-4.625 ,-1.680 ,
-0.723 ,-2.969 ,0.423 ,4.481 ,-3.817 ,1.012 ,-2.048 ,2.329 ,-4.588 ,3.389 ,
-1.308 ,-2.789 ,1.308 ,2.074 ,-1.828 ,-3.326 ,4.606 ,1.392 ,4.510 ,2.246 ,
0.068 ,-4.867 ,-0.279 ,1.325 ,-3.977 ,-0.907 ,4.291 ,-3.084 ,-4.170 ,3.107 ,
-4.608 ,-1.667 ,-3.324 ,2.568 ,3.414 ,-3.397 ,0.656 ,4.391 ,-4.353 ,-2.772 ,
0.776 ,-0.923 ,3.326 ,4.503 ,1.280 ,-2.773 ,0.421 ,2.358 ,0.032 ,-2.898 ,
-3.017 ,-1.307 ,-2.276 ,-3.984 ,2.042 ,-2.452 ,2.888 ,1.096 ,4.143 ,2.233 ,
0.235 ,-0.576 ,-2.012 ,2.706 ,-4.221 ,0.781 ,-0.535 ,-3.718 ,-4.982 ,-1.276 ,
3.075 ,3.457 ,3.336 ,4.091 ,0.462 ,-1.615 ,0.441 ,4.718 ,3.798 ,-1.914 ,
-3.249 ,3.588 ,3.159 ,-2.371 ,2.651 ,-2.959 ,-4.061 ,-4.639 ,-2.280 ,1.436 ,
4.404 ,-1.646 ,4.441 ,0.339 ,2.019 ,-1.401 ,4.997 ,2.942 ,0.184 ,4.117 ,
0.127 ,-2.062 ,-3.357 ,-2.784 ,-0.709 ,-3.048 ,1.659 ,3.441 ,-2.931 ,1.741 ,
-4.011 ,3.449 ,-0.284 ,3.114 ,-2.793 ,-2.490 ,-4.024 ,1.318 ,-3.123 ,3.171 ,
2.416 ,-3.989 ,0.043 ,3.029 ,3.383 ,-2.458 ,-3.228 ,-3.037 ,1.359 ,-0.461 ,
2.299 ,-1.883 ,1.846 ,-3.975 ,-2.967 ,1.888 ,4.537 ,-1.838 ,0.830 ,3.360 ,
4.454 ,0.014 ,1.723 ,3.528 ,1.878 ,-2.840 ,2.879 ,-1.337 ,-3.397 ,-0.743 ,
-4.784 ,0.411 ,4.102 ,-4.533 ,1.148 ,4.186 ,-2.995 ,-4.447 ,1.345 ,2.542 ,
-2.869 ,0.277 ,-2.342 ,-0.767 ,-2.344 ,-4.655 ,3.659 ,2.954 ,-0.870 ,2.979 ,
-2.993 ,4.774 ,4.732 ,-0.373 ,-1.073 ,-2.805 ,-0.722 ,3.654 ,-2.650 ,-3.944 ,
2.285 ,-0.368 ,-3.341 ,3.073 ,1.300 ,-4.170 ,2.927 ,1.626 ,4.099 ,-2.742 ,
0.800 ,-1.662 ,1.504 ,1.306 ,0.461 ,1.986 ,0.043 ,-4.446 ,1.906 ,4.149 ,
-4.409 ,-2.431 ,-1.194 ,-3.814 ,-4.955 ,-3.734 ,-2.965 ,1.576 ,-4.046 ,-3.027 ,
-2.618 ,0.371 ,-4.219 ,-1.483 ,4.576 ,-0.132 ,-2.238 ,-3.822 ,-1.524 ,-0.211 ,
1.234 ,1.146 ,-3.830 ,1.140 ,-4.938 ,0.763 ,0.027 ,-3.393 ,-2.423 ,4.677 ,
1.430 ,-2.534 ,-2.170 ,-2.682 ,-1.734 ,-2.027 ,-3.077 ,0.149 ,4.213 ,0.362 ,
0.108 ,0.707 ,-2.379 ,-4.147 ,-1.301 ,0.351 ,-0.627 ,-1.163 ,3.094 ,3.737 ,
-2.294 ,-3.942 ,-1.711 ,-2.535 ,-4.474 ,0.463 ,-1.914 ,0.465 ,3.565 ,-4.799 ,
-3.398 ,0.800 ,0.623 ,-4.080 ,4.994 ,-3.175 ,-2.987 ,3.455 ,-1.403 ,-1.837 ,
0.134 ,2.727 ,4.100 ,3.202 ,2.300 ,-3.071 ,-2.345 ,2.406 ,0.195 ,3.507 ,
4.906 ,-2.286 ,-3.278 ,1.385 ,-1.543 ,-4.097 ,0.142 ,-2.088 ,3.319 ,4.210 ,
0.635 ,4.512 ,-0.459 ,3.148 ,3.844 ,-3.680 ,2.080 ,-0.095 ,1.789 ,-2.177 ,
-4.548 ,-3.812 ,3.206 ,-1.128 ,-0.016 ,3.712 ,-3.693 ,0.964 ,-4.654 ,-2.447 ,
-0.614 ,-4.337 ,-0.571 ,-0.700 ,-4.323 ,-2.028 ,-4.528 ,2.373 ,2.792 ,0.586 ,
2.129 ,2.248 ,3.149 ,1.459 ,-0.638 ,2.706 ,2.494 ,3.730 ,4.858 ,-0.408 ,
1.691 ,-3.555 ,-0.425 ,-3.224 ,3.341 ,2.788 ,-3.254 ,3.479 ,4.114 ,4.433 ,
-4.988 ,3.194 ,-3.670 ,-0.816 ,-4.640 ,0.601 ,2.608 ,1.585 ,3.616 ,2.225 ,
-2.242 ,3.835 ,-1.651 ,4.042 ,0.906 ,-2.397 ,-4.887 ,1.592 ,1.173 ,-2.995 ,
2.183 ,-4.635 ,-3.529 ,-3.438 ,0.206 ,-2.993 ,-3.581 ,-0.508 ,3.066 ,0.189 ,
-4.688 ,-4.322 ,-1.261 ,0.632 ,-0.854 ,-2.097 ,-1.678 ,-1.528 ,3.446 ,-1.832 ,
3.249 ,2.573 ,-1.946 ,-0.429 ,2.738 ,-1.729 ,-3.940 ,-3.625 ,3.619 ,1.992 ,
-4.015 ,-3.974 ,0.912 ,-4.080 ,-4.536 ,-2.714 ,1.593 ,-0.439 ,-0.177 ,2.255 ,
-0.986 ,0.748 ,0.150 ,-1.245 ,3.625 ,-1.533 ,4.692 ,-0.557 ,-4.669 ,-3.783 ,
-3.530 ,3.842 ,-4.727 ,1.663 ,-4.568 ,-4.805 ,0.216 ,2.833 ,1.417 ,1.384 ,
2.247 ,4.456 ,1.770 ,-3.840 ,-0.708 ,-0.831 ,-4.104 ,-3.792 ,-4.239 ,-0.050 ,
2.442 ,-4.626 ,-0.104 ,1.275 ,-4.307 ,-0.406 ,-2.691 ,3.667 ,3.022 ,-4.779 ,
1.403 ,3.588 ,-4.921 ,1.062 ,1.138 ,-4.959 ,3.150 ,-2.565 ,-1.832 ,-0.697 ,
-3.398 ,0.877 ,4.445 ,-3.166 ,-2.360 ,-3.432 ,-1.965 ,2.240 ,4.573 ,-2.743 ,
-3.651 ,2.054 ,-0.868 ,-0.296 ,-3.129 ,4.338 ,2.426 ,-4.008 ,-0.953 ,0.497 ,
-3.231 ,-2.323 ,-2.589 ,2.321 ,-2.206 ,0.765 ,-1.629 ,-3.382 ,3.198 ,0.202 ,
-4.632 ,1.241 ,1.895 ,0.511 ,-3.026 ,-4.659 ,-4.094 ,-4.263 ,-3.523 ,-4.059 ,
1.728 ,-1.000 ,4.774 ,-2.951 ,-0.979 ,-1.178 ,1.868 ,-2.743 ,4.888 ,-1.305 ,
-2.432 ,-1.181 ,-3.771 ,1.970 ,-0.542 ,-2.167 ,-4.513 ,-2.545 ,-4.955 ,0.369 ,
3.538 ,2.273 ,3.059 ,4.191 ,-2.840 ,0.582 ,1.600 ,-3.744 ,-4.079 ,-3.428 ,
-0.813 ,-4.168 ,4.409 ,2.950 ,0.226 ,4.479 ,-2.795 ,2.864 ,2.670 ,-4.504 ,
-1.730 ,0.319 ,-4.017 ,-3.134 ,-1.263 ,-1.875 ,-4.959 ,0.290 ,4.150 ,-1.421 ,
-2.993 ,-4.128 ,-0.832 ,-4.857 ,3.870 ,4.609 ,0.148 ,-3.975 ,4.478 ,-1.307 ,
-2.531 ,-3.159 ,-2.340 ,1.154 ,-2.449 ,-0.277 ,3.515 ,1.185 ,0.283 ,0.221 ,
-0.475 ,-0.729 ,-4.349 ,-1.880 ,-4.819 ,-2.601 ,0.367 ,3.349 ,4.118 ,3.541 ,
-2.338 ,-3.774 ,-1.047 ,-4.466 ,-1.711 ,-3.131 ,0.131 ,0.935 ,0.964 ,-3.583 ,
-1.539 ,0.131 ,-2.626 ,2.567 ,2.017 ,0.361 ,-1.556 ,-4.354 ,-2.311 ,2.373 ,
3.593 ,0.309 ,-0.391 ,-1.986 ,-3.072 ,-0.471 ,1.056 ,4.312 ,3.157 ,-3.053 ,
-1.957 ,0.651 ,-4.975 ,-0.109 ,3.356 ,-2.637 ,3.372 ,-1.773 ,-3.367 ,3.593 ,
0.368 ,-2.955 ,3.559 ,-4.654 ,1.196 ,2.494 ,-2.392 ,3.895 ,-4.970 ,-2.153 ,
-2.589 ,-3.915 ,1.205 ,-0.894 ,-2.973 ,0.373 ,-4.579 ,3.850 ,3.890 ,1.566 ,
0.652 ,0.942 ,3.400 ,-3.334 ,2.053 ,3.711 ,-4.002 ,3.895 ,-4.373 ,-0.680 ,
-3.208 ,3.919 ,-4.064 ,-3.234 ,2.019 ,-2.518 ,0.462 ,-2.537 ,-3.285 ,-4.126 ,
4.838 ,-2.528 ,2.353 ,-4.041 ,1.464 ,2.538 ,0.042 ,-4.092 ,1.266 ,-2.204 ,
-3.797 ,-4.046 ,0.668 ,1.151 ,-4.605 ,-2.453 ,-4.781 ,3.694 ,-1.254 ,1.570 ,
2.228 ,-4.260 ,-0.743 ,-1.999 ,-4.100 ,4.611 ,2.170 ,-0.253 ,0.973 ,-1.734 ,
-4.222 ,2.403 ,-2.252 ,3.694 ,-4.501 ,0.165 ,-4.087 ,-1.371 ,2.151 ,-1.068 ,
-4.745 ,-4.513 ,-0.639 ,2.635 ,1.452 ,-2.819 ,-1.066 ,4.007 ,1.651 ,-3.977 ,
-1.531 ,-3.108 ,4.624 ,-0.360 ,1.299 ,-1.624 ,-1.924 ,-0.211 ,-4.350 ,0.949 ,
-2.734 ,0.558 ,0.931 ,-3.965 ,4.296 ,4.172 ,-4.087 ,-1.995 ,0.370 ,-1.876 ,
2.704 ,-4.261 ,-2.237 ,-4.318 ,2.510 ,1.296 ,-1.706 ,4.130 ,4.153 ,3.205 ,
-0.243 ,-2.942 ,-1.879 ,-0.803 ,0.231 ,-4.108 ,2.655 ,-3.206 ,0.935 ,0.611 ,
-0.890 ,-4.504 ,-2.926 ,-2.820 ,-0.296 ,1.305 ,-2.630 ,-1.568 ,3.204 ,4.385 ,
-0.615 ,-1.674 ,-3.713 ,-1.998 ,-2.945 ,1.782 ,0.873 ,-4.469 ,-4.784 ,3.651 ,
4.274 ,1.516 ,1.368 ,-3.272 ,-3.267 ,0.654 ,0.737 ,-1.305 ,-0.013 ,-1.311 ,
-0.234 ,-1.666 ,0.811 ,2.325 ,-4.824 ,-2.468 ,-2.376 ,3.660 ,2.209 ,3.410 ,
-2.476 ,1.504 ,-3.753 ,4.796 ,-2.820 ,3.218 ,-3.484 ,-2.638 ,-2.549 ,0.691 ,
4.979 ,-4.342 ,0.523 ,4.534 ,3.437 ,-3.791 ,-4.423 ,-0.971 ,3.797 ,-2.262 ,
-0.343 ,4.243 ,-3.951 ,-3.914 ,-3.205 ,4.274 ,-2.149 ,4.805 ,-3.924 ,3.302 ,
4.710 ,-2.085 ,-0.433 ,-2.838 ,-4.252 ,4.118 ,-4.483 ,1.489 ,-0.889 ,-2.129 ,
1.323 ,-3.968 ,-0.921 ,-1.681 ,-1.716 ,4.298 ,2.500 ,0.244 ,4.774 ,-0.613 ,
-1.427 ,-3.499 ,-3.351 ,0.090 ,2.544 ,1.634 ,-3.587 ,1.480 ,4.578 ,-2.321 ,
-1.093 ,-3.122 ,-2.415 ,-1.838 ,-3.889 ,1.991 ,-1.352 ,3.899 ,-3.332 ,0.441 ,
4.003 ,3.396 ,-0.655 ,0.874 ,-2.252 ,-3.639 ,-2.901 ,-0.704 ,2.981 ,-3.478 ,
0.523 ,0.697 ,0.191 ,-3.281 ,3.945 ,-0.692 ,-4.566 ,2.923 ,-0.439 ,-0.320 ,
3.574 ,-1.373 ,-0.339 ,0.252 ,4.202 ,3.313 ,-2.757 ,2.223 ,-0.021 ,0.004 ,
-4.303 ,4.145 ,-1.137 ,-3.030 ,-2.778 ,4.601 ,2.721 ,0.001 ,-1.022 ,2.768 ,
4.424 ,4.603 ,1.264 ,-3.547 ,-1.948 ,3.920 ,0.387 ,-3.037 ,3.257 ,-0.232 ,
-3.320 ,-2.560 ,2.863 ,3.913 ,-3.957 ,-1.496 ,0.280 ,-3.907 ,0.828
