// -10 ~ 10 : 1000개 랜덤 입력 
-2.110 ,4.126 ,1.951 ,3.213 ,-6.942 ,-1.742 ,-5.272 ,-7.168 ,0.729 ,-5.316 ,1.753 , -1
-1.468 ,0.112 ,0.983 ,1.519 ,-0.789 ,-5.475 ,6.474 ,2.022 ,-2.730 ,1.230 ,
1.117 ,-9.929 ,1.992 ,-4.213 ,-4.532 ,-4.258 ,2.427 ,-7.817 ,-1.607 ,2.656 ,
-9.166 ,-5.321 ,0.998 ,-0.723 ,2.255 ,-5.513 ,0.868 ,-8.701 ,0.199 ,5.513 ,
-7.866 ,7.283 ,6.770 ,-7.249 ,6.105 ,0.200 ,2.151 ,-3.973 ,-5.256 ,8.548 ,
-1.465 ,-4.107 ,-0.773 ,3.917 ,8.344 ,-6.691 ,-3.313 ,-8.759 ,-4.778 ,-1.167 ,
9.516 ,3.078 ,2.085 ,-5.967 ,1.379 ,3.101 ,-9.270 ,4.673 ,2.199 ,-1.576 ,
1.275 ,-3.121 ,-7.762 ,-2.351 ,-6.828 ,0.117 ,-9.529 ,-1.891 ,2.059 ,4.353 ,
-2.162 ,2.569 ,-7.962 ,0.308 ,4.397 ,-7.293 ,-6.197 ,-3.832 ,-4.378 ,8.573 ,
6.520 ,1.366 ,-5.025 ,5.165 ,-7.372 ,-9.674 ,8.636 ,-1.256 ,-4.666 ,-4.441 ,
-7.085 ,-7.695 ,-2.651 ,6.386 ,1.276 ,-8.868 ,-3.376 ,-4.566 ,0.904 ,2.968 ,
-3.265 ,-3.561 ,-3.020 ,-7.556 ,-6.343 ,-8.364 ,0.574 ,-8.895 ,4.263 ,-5.131 ,
0.023 ,-0.095 ,0.777 ,0.141 ,5.721 ,-1.282 ,-9.816 ,-9.713 ,3.546 ,-2.395 ,
-2.709 ,2.291 ,-8.062 ,-8.395 ,-8.306 ,5.179 ,1.241 ,1.019 ,7.152 ,-4.874 ,
-7.515 ,-0.576 ,2.123 ,-3.963 ,-0.269 ,-7.387 ,-6.198 ,-5.923 ,-0.044 ,9.005 ,
7.606 ,-6.036 ,7.818 ,-9.283 ,-4.719 ,-6.817 ,6.498 ,-4.001 ,4.455 ,0.227 ,
-8.476 ,-8.371 ,-3.807 ,7.051 ,-8.023 ,-6.388 ,-8.740 ,2.290 ,0.461 ,-0.554 ,
2.074 ,9.889 ,-5.915 ,1.821 ,-3.848 ,-9.677 ,3.827 ,-7.475 ,1.247 ,-4.969 ,
-9.769 ,2.161 ,-4.610 ,-5.803 ,-3.960 ,-5.735 ,-7.080 ,-8.907 ,-9.693 ,0.666 ,
-5.638 ,9.884 ,2.627 ,-1.161 ,-10.000 ,-4.776 ,-5.997 ,3.615 ,4.985 ,-8.129 ,
-2.560 ,-0.906 ,-8.456 ,-0.845 ,8.369 ,1.432 ,5.964 ,-1.176 ,-2.821 ,0.475 ,
-0.702 ,-2.135 ,-1.584 ,1.557 ,-6.071 ,-4.104 ,4.665 ,-2.882 ,3.878 ,7.668 ,
-8.828 ,6.071 ,2.506 ,-4.192 ,-8.449 ,-0.501 ,-8.799 ,-0.766 ,5.541 ,5.525 ,
-8.981 ,0.425 ,0.856 ,0.418 ,4.081 ,3.859 ,0.721 ,0.920 ,7.920 ,7.885 ,
-5.964 ,-7.465 ,7.930 ,5.756 ,-5.753 ,2.335 ,0.446 ,-1.028 ,-7.228 ,-8.077 ,
9.476 ,-7.321 ,4.140 ,-4.739 ,6.237 ,-2.023 ,3.167 ,-1.743 ,-9.350 ,1.937 ,
-3.158 ,-7.050 ,-8.804 ,-0.422 ,-1.504 ,9.954 ,1.036 ,0.906 ,-4.148 ,-9.051 ,
-5.171 ,0.043 ,-2.875 ,-9.142 ,1.646 ,-7.688 ,-0.445 ,-3.431 ,-5.852 ,-0.470 ,
2.385 ,-8.128 ,-1.672 ,-4.299 ,-1.948 ,8.212 ,6.589 ,-9.588 ,6.987 ,-5.230 ,
-7.964 ,0.460 ,-2.520 ,1.962 ,-5.133 ,6.072 ,8.318 ,7.551 ,-8.941 ,1.472 ,
1.194 ,0.808 ,-4.055 ,-8.121 ,2.743 ,-1.861 ,7.784 ,-1.819 ,-6.643 ,6.026 ,
3.461 ,-5.045 ,-5.366 ,-2.066 ,-2.581 ,3.973 ,-2.764 ,-3.708 ,-6.192 ,-9.436 ,
-2.835 ,-5.227 ,-8.120 ,6.205 ,-0.249 ,-5.510 ,-3.240 ,-5.460 ,0.154 ,-6.400 ,
-6.067 ,-0.067 ,3.509 ,-3.288 ,-4.722 ,-3.828 ,-2.639 ,-2.382 ,-7.953 ,-0.021 ,
-6.004 ,-3.365 ,6.024 ,-8.412 ,-6.411 ,-2.844 ,-6.202 ,4.544 ,-0.189 ,6.101 ,
0.128 ,-4.536 ,-7.510 ,-0.990 ,-0.468 ,-6.230 ,2.512 ,0.461 ,-8.109 ,-0.802 ,
-5.987 ,9.037 ,-3.262 ,4.936 ,5.042 ,0.109 ,0.515 ,-7.487 ,-9.604 ,5.847 ,
-7.029 ,-9.710 ,-6.391 ,-8.749 ,-4.075 ,-2.944 ,2.426 ,-2.870 ,0.111 ,0.430 ,
-2.311 ,-4.368 ,1.459 ,-7.201 ,1.933 ,-0.158 ,2.714 ,-0.740 ,-7.125 ,1.196 ,
-1.044 ,-0.619 ,-5.457 ,0.878 ,-2.310 ,6.635 ,1.836 ,-8.928 ,8.559 ,-7.155 ,
-2.400 ,-7.309 ,1.924 ,8.737 ,-5.717 ,2.426 ,3.700 ,-4.826 ,1.730 ,-8.471 ,
1.840 ,-9.385 ,-8.961 ,-0.195 ,-4.301 ,-2.926 ,-6.437 ,-2.596 ,-9.096 ,7.514 ,
-8.257 ,-5.058 ,-6.901 ,5.083 ,-8.969 ,-8.852 ,-3.235 ,-8.852 ,5.417 ,-7.864 ,
-7.236 ,-7.463 ,-7.868 ,1.325 ,-2.430 ,-9.087 ,-9.797 ,-0.360 ,-5.363 ,3.805 ,
-4.972 ,-5.432 ,-8.241 ,1.123 ,8.285 ,-3.998 ,4.423 ,0.682 ,-8.833 ,-0.392 ,
3.024 ,-2.354 ,8.277 ,-4.821 ,-8.552 ,-6.890 ,-9.826 ,6.254 ,-9.389 ,-6.668 ,
6.641 ,2.765 ,1.233 ,6.541 ,-9.903 ,2.702 ,9.710 ,1.146 ,-8.959 ,9.302 ,
4.936 ,4.238 ,-7.815 ,-4.529 ,-0.682 ,1.177 ,-8.358 ,5.769 ,3.959 ,-6.100 ,
-2.369 ,5.983 ,-0.247 ,-8.034 ,-7.340 ,1.243 ,0.347 ,-9.073 ,-3.925 ,2.077 ,
-2.363 ,-4.917 ,-8.147 ,1.047 ,-7.018 ,2.161 ,-0.530 ,-6.147 ,0.974 ,-1.964 ,
0.260 ,1.979 ,5.549 ,-2.655 ,-6.759 ,7.847 ,-4.276 ,1.506 ,-2.881 ,-5.191 ,
-5.685 ,-0.637 ,-6.749 ,-8.936 ,-5.398 ,7.060 ,1.637 ,-5.065 ,-2.948 ,-1.650 ,
-8.057 ,-6.657 ,0.153 ,-4.039 ,8.421 ,5.839 ,1.779 ,-2.644 ,7.332 ,-0.414 ,
1.291 ,-9.386 ,4.045 ,-9.296 ,-8.891 ,1.886 ,8.411 ,7.543 ,-9.447 ,7.110 ,
-3.789 ,-8.709 ,-2.517 ,-7.946 ,-9.804 ,2.699 ,4.989 ,8.246 ,1.904 ,-5.018 ,
-6.429 ,0.314 ,3.930 ,8.094 ,2.232 ,8.101 ,-2.496 ,-5.380 ,5.072 ,-3.096 ,
-3.526 ,3.557 ,-8.275 ,0.490 ,0.675 ,-0.100 ,-9.002 ,8.972 ,-5.752 ,-3.513 ,
-1.020 ,6.189 ,-5.793 ,0.310 ,-8.097 ,-2.388 ,-3.654 ,-5.183 ,-9.911 ,9.580 ,
-0.516 ,2.577 ,3.897 ,1.341 ,2.827 ,2.146 ,-8.149 ,-5.928 ,-4.250 ,1.799 ,
2.293 ,1.771 ,-5.671 ,-2.801 ,-6.595 ,-0.298 ,3.919 ,-3.545 ,-7.255 ,-5.163 ,
3.015 ,2.688 ,-9.289 ,1.215 ,-2.582 ,5.586 ,-7.537 ,-4.274 ,-1.316 ,-3.648 ,
-7.018 ,-6.144 ,8.657 ,-8.002 ,-7.068 ,2.141 ,4.067 ,-8.143 ,-2.952 ,-2.054 ,
-0.863 ,4.247 ,-3.446 ,-5.794 ,7.433 ,-7.513 ,0.289 ,9.027 ,8.568 ,-8.583 ,
4.167 ,0.831 ,6.081 ,-3.608 ,-0.647 ,-2.141 ,-6.819 ,-1.161 ,-3.965 ,-4.956 ,
-3.933 ,7.859 ,-1.492 ,-1.864 ,-2.503 ,-8.937 ,-5.202 ,4.707 ,0.489 ,-2.027 ,
-1.303 ,-1.933 ,-0.874 ,-9.772 ,-7.049 ,-0.119 ,5.265 ,7.477 ,-0.829 ,-3.719 ,
-9.561 ,5.531 ,-8.778 ,0.659 ,-7.778 ,-0.535 ,-6.957 ,1.603 ,-2.912 ,-4.050 ,
-4.060 ,5.494 ,-4.170 ,-7.873 ,-4.589 ,-4.546 ,9.561 ,6.212 ,-1.635 ,7.223 ,
-3.195 ,-2.058 ,-2.268 ,8.747 ,-4.560 ,-9.530 ,-1.435 ,9.587 ,1.945 ,0.770 ,
2.442 ,-7.520 ,6.372 ,-9.068 ,7.392 ,-1.319 ,0.389 ,1.547 ,3.819 ,1.125 ,
-1.478 ,4.190 ,-5.288 ,0.427 ,-1.122 ,3.566 ,-7.501 ,-5.192 ,-5.028 ,0.811 ,
-3.813 ,-5.311 ,7.905 ,0.826 ,-6.541 ,-6.966 ,-5.643 ,-0.138 ,-8.614 ,-6.298 ,
-9.301 ,4.277 ,-4.675 ,-9.857 ,-5.770 ,-5.012 ,-2.933 ,-1.160 ,1.406 ,-7.179 ,
-1.750 ,1.074 ,-4.876 ,6.063 ,-8.664 ,5.548 ,-3.709 ,-8.409 ,-1.356 ,5.007 ,
-0.665 ,-4.842 ,-2.738 ,2.760 ,-6.685 ,3.467 ,-1.987 ,-4.521 ,-9.587 ,-9.781 ,
4.159 ,0.488 ,-6.772 ,-9.546 ,3.110 ,-3.937 ,5.669 ,-3.541 ,-6.143 ,-9.798 ,
-2.030 ,-4.913 ,-4.264 ,5.906 ,-8.907 ,-4.534 ,-0.451 ,-1.086 ,2.092 ,-1.070 ,
8.319 ,5.290 ,-5.179 ,-0.755 ,-7.424 ,6.678 ,2.739 ,1.552 ,3.593 ,9.371 ,
-0.831 ,-9.715 ,-6.691 ,-9.438 ,-2.425 ,-7.699 ,2.220 ,0.233 ,7.835 ,3.802 ,
-1.111 ,-0.283 ,1.257 ,-0.383 ,-0.419 ,-9.492 ,-1.114 ,8.758 ,3.997 ,-3.533 ,
-8.895 ,-5.608 ,1.594 ,9.171 ,1.852 ,-7.242 ,2.328 ,-0.431 ,-0.550 ,-6.990 ,
0.769 ,9.502 ,9.977 ,-1.499 ,4.474 ,2.428 ,1.953 ,1.667 ,-9.161 ,-5.854 ,
1.661 ,2.401 ,-1.333 ,-6.078 ,3.242 ,-3.468 ,2.082 ,-3.191 ,-6.322 ,-6.309 ,
-8.686 ,-0.729 ,-7.828 ,7.328 ,-8.626 ,-1.104 ,1.876 ,-5.989 ,-9.602 ,-5.854 ,
7.968 ,-5.384 ,0.172 ,-0.600 ,7.676 ,-2.534 ,5.280 ,-0.290 ,3.685 ,5.407 ,
-3.410 ,-9.195 ,1.878 ,1.798 ,-5.554 ,-9.991 ,4.382 ,-3.505 ,-7.795 ,2.706 ,
-4.490 ,7.714 ,4.578 ,-4.792 ,-5.070 ,-5.134 ,-9.372 ,-7.318 ,-8.169 ,9.315 ,
-4.582 ,-0.687 ,-0.852 ,-3.542 ,-1.966 ,-1.440 ,-9.101 ,-0.524 ,-0.202 ,-7.153 ,
-4.199 ,-3.542 ,3.323 ,-8.055 ,5.932 ,1.235 ,2.236 ,-8.014 ,4.237 ,-3.750 ,
-6.552 ,2.061 ,7.142 ,-2.030 ,8.855 ,1.116 ,-8.034 ,-7.017 ,-2.078 ,8.553 ,
-6.486 ,-9.161 ,-0.300 ,-7.515 ,1.254 ,-3.599 ,-2.117 ,-6.480 ,-7.931 ,0.988 ,
-4.221 ,1.240 ,3.205 ,-4.469 ,-8.442 ,0.805 ,-9.401 ,2.415 ,-9.348 ,0.052 ,
-0.226 ,0.318 ,-5.095 ,3.010 ,-7.643 ,2.995 ,-7.112 ,2.349 ,0.501 ,-1.802 ,
-2.574 ,2.197 ,-6.857 ,-1.250 ,-5.228 ,-7.192 ,-0.040 ,-1.613 ,7.151 ,6.782 ,
-8.133 ,0.921 ,1.265 ,-7.198 ,-4.557 ,-5.046 ,-3.659 ,-8.942 ,-6.320 ,-7.101 ,
-5.866 ,-4.311 ,5.369 ,6.530 ,4.042 ,-4.805 ,-4.036 ,-3.442 ,0.173 ,-6.783 ,
-4.830 ,2.039 ,-6.629 ,-3.658 ,1.798 ,-8.160 ,1.378 ,0.704 ,5.575 ,1.370 ,
7.798 ,-3.181 ,-0.772 ,2.355 ,-3.097 ,-8.366 ,6.696 ,-3.473 ,3.857 ,1.720 ,
-4.305 ,-4.523 ,5.267 ,3.799 ,0.039 ,-6.738 ,-4.382 ,-3.009 ,9.330 ,-8.951 ,
-2.114 ,2.080 ,-4.757 ,0.419 ,-4.412 ,2.451 ,-6.721 ,-8.635 ,2.246 
